-0.833333 -0.833333 2.714 
0.833333 -0.833333 2.714 
-0.833333 0.833333 2.714 
0.833333 0.833333 2.714 
-0.833333 2.714 0.833333 
0.833333 2.714 0.833333 
-0.833333 2.714 -0.833333 
0.833333 2.714 -0.833333 
-0.833333 0.833333 -2.714 
0.833333 0.833333 -2.714 
-0.833333 -0.833333 -2.714 
0.833333 -0.833333 -2.714 
-0.833333 -2.714 -0.833333 
0.833333 -2.714 -0.833333 
-0.833333 -2.714 0.833333 
0.833333 -2.714 0.833333 
2.714 -0.833333 -0.833333 
2.714 -0.833333 0.833333 
2.714 0.833333 -0.833333 
2.714 0.833333 0.833333 
-2.714 -0.833333 -0.833333 
-2.714 -0.833333 0.833333 
-2.714 0.833333 -0.833333 
-2.714 0.833333 0.833333 
1.47667 -2.23731 2.23731 
-0 -1.04818 2.79562 
-0 1.04818 2.79562 
-1.47667 2.23731 2.23731 
-0 2.79562 1.04818 
-0 2.79562 -1.04818 
1.47667 2.23731 -2.23731 
-0 1.04818 -2.79562 
-0 -1.04818 -2.79562 
-1.47667 -2.23731 -2.23731 
-0 -2.79562 -1.04818 
-0 -2.79562 1.04818 
-2.23731 -1.47667 2.23731 
-1.04818 -0 2.79562 
1.04818 -0 2.79562 
2.23731 1.47667 2.23731 
-1.04818 2.79562 0 
1.04818 2.79562 0 
-2.23731 1.47667 -2.23731 
-1.04818 0 -2.79562 
1.04818 0 -2.79562 
2.23731 -1.47667 -2.23731 
-1.04818 -2.79562 -0 
1.04818 -2.79562 -0 
2.79562 -1.04818 -0 
2.79562 1.04818 -0 
2.79562 -0 -1.04818 
2.79562 -0 1.04818 
-2.79562 -1.04818 -0 
-2.79562 1.04818 -0 
-2.79562 -0 -1.04818 
-2.79562 -0 1.04818 
-0 -0 4.37847 
-0 4.37847 0 
-0 0 -4.37847 
-0 -4.37847 -0 
4.37847 -0 -0 
-4.37847 -0 -0 
-1.73089 -2.21051 2.21051 
-1.25 -2.23958 2.23958 
1.97279 -2.15269 2.15269 
-1.97279 2.15269 2.15269 
1.25 2.23958 2.23958 
1.73089 2.21051 2.21051 
0.403646 2.77875 1.0026 
-1.73089 2.21051 -2.21051 
-1.25 2.23958 -2.23958 
1.97279 2.15269 -2.15269 
-1.97279 -2.15269 -2.15269 
1.25 -2.23958 -2.23958 
1.73089 -2.21051 -2.21051 
0.403646 -2.77875 -1.0026 
-0.403646 -2.77875 1.0026 
-2.15269 -1.97279 2.15269 
2.21051 -1.73089 2.21051 
2.23958 -1.25 2.23958 
1.0026 -0.403646 2.77875 
1.0026 0.403646 2.77875 
-2.23958 1.25 2.23958 
-2.21051 1.73089 2.21051 
2.15269 1.97279 2.15269 
-2.21051 2.21051 1.73089 
-2.23958 2.23958 1.25 
-0.723849 2.5884 1.29663 
0.774974 2.57654 1.31455 
2.21051 2.21051 1.73089 
-2.23958 2.23958 -1.25 
-1.0026 2.77875 0.403646 
1.0026 2.77875 0.403646 
1.0026 2.77875 -0.403646 
2.23958 2.23958 1.25 
-2.21051 2.21051 -1.73089 
-0.774974 2.57654 -1.31455 
0.723849 2.5884 -1.29663 
2.23958 2.23958 -1.25 
2.21051 2.21051 -1.73089 
-2.15269 1.97279 -2.15269 
2.21051 1.73089 -2.21051 
2.23958 1.25 -2.23958 
1.0026 0.403646 -2.77875 
1.0026 -0.403646 -2.77875 
-2.23958 -1.25 -2.23958 
-2.21051 -1.73089 -2.21051 
2.15269 -1.97279 -2.15269 
-2.21051 -2.21051 -1.73089 
-0.723849 -2.5884 -1.29663 
0.774974 -2.57654 -1.31455 
2.21051 -2.21051 -1.73089 
2.23958 -2.23958 -1.25 
-2.23958 -2.23958 -1.25 
-1.0026 -2.77875 -0.403646 
1.0026 -2.77875 -0.403646 
1.0026 -2.77875 0.403646 
2.23958 -2.23958 1.25 
-2.23958 -2.23958 1.25 
-2.21051 -2.21051 1.73089 
-0.774974 -2.57654 1.31455 
0.723849 -2.5884 1.29663 
2.21051 -2.21051 1.73089 
2.5884 -0.723849 -1.29663 
2.57654 -0.774974 1.31455 
2.57654 0.774974 -1.31455 
2.77875 1.0026 -0.403646 
2.77875 1.0026 0.403646 
2.5884 0.723849 1.29663 
2.77875 -0.403646 -1.0026 
2.77875 0.403646 -1.0026 
2.77875 -0.403646 1.0026 
-2.57654 -0.774974 -1.31455 
-2.5884 -0.723849 1.29663 
-2.5884 0.723849 -1.29663 
-2.57654 0.774974 1.31455 
-2.77875 -0.403646 1.0026 
-2.77875 0.403646 1.0026 
-0.662919 3.09424 0.662919 
-0.472165 3.90356 0.472165 
0.662919 3.09423 0.66292 
0.472165 3.90356 0.472166 
-0.235802 4.01377 0.584816 
0.086187 4.13955 0.532959 
0.662919 3.09423 -0.662919 
0.472165 3.90356 -0.472166 
0.532959 4.13955 0.0861869 
0.584816 4.01377 -0.235801 
-0.66292 3.09423 -0.662919 
-0.472166 3.90356 -0.472165 
-0.086187 4.13955 -0.532959 
0.235802 4.01377 -0.584816 
-0.584817 4.01377 0.235802 
-0.532959 4.13955 -0.0861869 
-0.662919 -0.662919 3.09424 
-0.472165 -0.472165 3.90356 
0.662919 -0.66292 3.09423 
0.472165 -0.472166 3.90356 
-0.235802 -0.584816 4.01377 
0.0861871 -0.532959 4.13955 
0.662919 0.66292 3.09423 
0.472166 0.472165 3.90356 
0.584816 -0.235802 4.01377 
0.532959 0.0861871 4.13955 
-0.66292 0.662919 3.09423 
-0.472165 0.472165 3.90356 
-0.0861871 0.532959 4.13955 
0.235802 0.584816 4.01377 
-0.532959 -0.0861871 4.13955 
-0.584816 0.235802 4.01377 
-3.09424 -0.662919 -0.662919 
-3.90356 -0.472165 -0.472165 
-3.09423 -0.66292 0.662919 
-3.90356 -0.472166 0.472165 
-4.13955 -0.532959 -0.0861869 
-4.01377 -0.584816 0.235801 
-3.09423 0.662919 0.662919 
-3.90356 0.472166 0.472166 
-4.01377 -0.235802 0.584816 
-4.13955 0.086187 0.532959 
-3.09423 0.662919 -0.66292 
-3.90356 0.472165 -0.472166 
-4.01377 0.584817 -0.235802 
-4.13955 0.532959 0.0861869 
-4.13955 -0.086187 -0.532959 
-4.01377 0.235802 -0.584816 
-0.662919 0.662919 -3.09424 
-0.472165 0.472165 -3.90356 
0.662919 0.66292 -3.09423 
0.472165 0.472166 -3.90356 
-0.235802 0.584816 -4.01377 
0.0861871 0.532959 -4.13955 
0.662919 -0.66292 -3.09423 
0.472166 -0.472165 -3.90356 
0.584816 0.235802 -4.01377 
0.532959 -0.0861871 -4.13955 
-0.66292 -0.662919 -3.09423 
-0.472165 -0.472165 -3.90356 
-0.0861871 -0.532959 -4.13955 
0.235802 -0.584816 -4.01377 
-0.532959 0.0861871 -4.13955 
-0.584816 -0.235802 -4.01377 
3.09423 -0.662919 -0.66292 
3.90356 -0.472165 -0.472165 
3.09423 -0.66292 0.662919 
3.90356 -0.472166 0.472165 
4.01377 -0.584817 -0.235802 
4.13955 -0.532959 0.0861869 
3.09423 0.662919 -0.66292 
3.90356 0.472165 -0.472166 
4.01377 -0.235802 -0.584816 
4.13955 0.086187 -0.532959 
3.09423 0.662919 0.662919 
3.90356 0.472165 0.472166 
4.13955 0.532959 -0.0861869 
4.01377 0.584816 0.235801 
4.13955 -0.086187 0.532959 
4.01377 0.235802 0.584816 
-0.662919 -3.09424 -0.662919 
-0.472165 -3.90356 -0.472165 
0.662919 -3.09423 -0.66292 
0.472165 -3.90356 -0.472166 
-0.235802 -4.01377 -0.584816 
0.086187 -4.13955 -0.532959 
0.662919 -3.09423 0.662919 
0.472165 -3.90356 0.472166 
0.532959 -4.13955 -0.0861869 
0.584816 -4.01377 0.235801 
-0.66292 -3.09423 0.662919 
-0.472166 -3.90356 0.472165 
-0.086187 -4.13955 0.532959 
0.235802 -4.01377 0.584816 
-0.584817 -4.01377 -0.235802 
-0.532959 -4.13955 0.0861869 
-1.87561 -1.87561 2.36659 
1.15218 -1.98658 2.39107 
-2.63502e-07 -1.33174 2.61144 
-1.1579 -1.98683 2.39071 
1.87561 -1.87561 2.36659 
-1.98683 -1.1579 2.39071 
-1.33174 2.63502e-07 2.61144 
-1.98658 1.15218 2.39107 
1.98658 -1.15218 2.39107 
1.98683 1.1579 2.39071 
1.33174 -2.63502e-07 2.61144 
-1.87561 1.87561 2.36659 
2.63502e-07 1.33174 2.61144 
1.15218 1.98658 2.39107 
-1.1579 1.98683 2.39071 
1.87561 1.87561 2.36659 
-1.87561 2.36659 1.87561 
0.121017 2.60673 1.33992 
-1.97917 2.39583 1.25 
-1.33174 2.61144 -1.29184e-06 
-1.29663 2.5884 -0.723849 
1.29663 2.5884 0.723849 
1.97917 2.39583 -1.25 
1.33174 2.61144 1.29184e-06 
-0.121017 2.60673 -1.33992 
1.87561 2.36659 -1.87561 
-1.87561 1.87561 -2.36659 
1.15218 1.98658 -2.39107 
-2.63502e-07 1.33174 -2.61144 
-1.1579 1.98683 -2.39071 
1.87561 1.87561 -2.36659 
-1.98683 1.1579 -2.39071 
-1.33174 -2.63502e-07 -2.61144 
-1.98658 -1.15218 -2.39107 
1.98658 1.15218 -2.39107 
1.98683 -1.1579 -2.39071 
1.33174 2.63502e-07 -2.61144 
-1.87561 -1.87561 -2.36659 
2.63502e-07 -1.33174 -2.61144 
1.15218 -1.98658 -2.39107 
-1.1579 -1.98683 -2.39071 
1.87561 -1.87561 -2.36659 
-1.87561 -2.36659 -1.87561 
0.121017 -2.60673 -1.33992 
-1.29663 -2.5884 -0.723849 
-1.33174 -2.61144 1.29184e-06 
-1.97917 -2.39583 1.25 
1.97917 -2.39583 -1.25 
1.29663 -2.5884 0.723849 
1.33174 -2.61144 -1.29184e-06 
-0.121017 -2.60673 1.33992 
1.87561 -2.36659 1.87561 
2.36659 -1.87561 -1.87561 
2.39583 -1.97917 -1.25 
2.61144 -1.33174 1.29184e-06 
2.5884 -1.29663 0.723849 
2.60673 0.121017 -1.33992 
2.60673 -0.121017 1.33992 
2.61144 1.33174 -1.29184e-06 
2.39583 1.97917 -1.25 
2.5884 1.29663 0.723849 
2.36659 1.87561 1.87561 
-2.39583 -1.97917 1.25 
-2.61144 -1.33174 -1.29184e-06 
-2.5884 -1.29663 -0.723849 
-2.36659 -1.87561 1.87561 
-2.60673 -0.121017 -1.33992 
-2.60673 0.121017 1.33992 
-2.36659 1.87561 -1.87561 
-2.61144 1.33174 1.29184e-06 
-2.39583 1.97917 1.25 
-2.5884 1.29663 -0.723849 
-0 3.11375 0.885417 
0.122767 3.92604 0.654841 
0.885417 3.11375 0 
0.654841 3.92604 0.122768 
-0 3.11375 -0.885417 
-0.122768 3.92604 -0.654841 
-0.885417 3.11375 0 
-0.654841 3.92604 -0.122767 
-0 -0.885417 3.11375 
0.122767 -0.654841 3.92604 
0.885417 -0 3.11375 
0.654841 0.122767 3.92604 
-0 0.885417 3.11375 
-0.122768 0.654841 3.92604 
-0.885417 -0 3.11375 
-0.654841 -0.122768 3.92604 
-3.11375 -0.885417 -0 
-3.92604 -0.654841 -0.122768 
-3.11375 -0 0.885417 
-3.92604 0.122767 0.654841 
-3.11375 0.885417 -0 
-3.92604 0.654841 0.122767 
-3.11375 -0 -0.885417 
-3.92604 -0.122768 -0.654841 
-0 0.885417 -3.11375 
0.122767 0.654841 -3.92604 
0.885417 0 -3.11375 
0.654841 -0.122767 -3.92604 
-0 -0.885417 -3.11375 
-0.122768 -0.654841 -3.92604 
-0.885417 0 -3.11375 
-0.654841 0.122768 -3.92604 
3.11375 -0.885417 -0 
3.92604 -0.654841 0.122767 
3.11375 -0 -0.885417 
3.92604 0.122767 -0.654841 
3.11375 0.885417 -0 
3.92604 0.654841 -0.122768 
3.11375 -0 0.885417 
3.92604 -0.122768 0.654841 
-0 -3.11375 -0.885417 
0.122767 -3.92604 -0.654841 
0.885417 -3.11375 -0 
0.654841 -3.92604 -0.122768 
-0 -3.11375 0.885417 
-0.122768 -3.92604 0.654841 
-0.885417 -3.11375 -0 
-0.654841 -3.92604 0.122767 
-1.6064 -1.6064 2.46217 
0.789487 -1.28137 2.58021 
-0.789487 -1.28137 2.58021 
1.6064 -1.6064 2.46217 
-1.28137 -0.789487 2.58021 
-1.28137 0.789487 2.58021 
0.311367 -0.117558 4.30915 
0.117558 0.311367 4.30915 
-0.311367 0.117558 4.30915 
-0.117558 -0.311367 4.30915 
1.28137 0.789487 2.58021 
1.28137 -0.789487 2.58021 
-1.6064 1.6064 2.46217 
0.789487 1.28137 2.58021 
-0.789487 1.28137 2.58021 
1.6064 1.6064 2.46217 
-1.24335 2.39183 1.98581 
-1.6064 2.46217 1.6064 
1.84932 2.3814 1.84932 
1.97917 2.39583 1.25 
1.55013 2.50474 1.22848 
1.23897 2.3924 1.98501 
-1.28137 2.58021 0.789487 
0.311367 4.30915 0.117558 
0.117558 4.30915 -0.311367 
-0.311367 4.30915 -0.117558 
-0.117558 4.30915 0.311367 
1.28137 2.58021 -0.789487 
-1.55013 2.50474 -1.22848 
-1.24335 2.39183 -1.98581 
-1.84932 2.3814 -1.84932 
-1.97917 2.39583 -1.25 
1.23897 2.3924 -1.98501 
1.6064 2.46217 -1.6064 
-1.6064 1.6064 -2.46217 
0.789487 1.28137 -2.58021 
-0.789487 1.28137 -2.58021 
1.6064 1.6064 -2.46217 
-1.28137 0.789487 -2.58021 
-1.28137 -0.789487 -2.58021 
0.311367 0.117558 -4.30915 
0.117558 -0.311367 -4.30915 
-0.311367 -0.117558 -4.30915 
-0.117558 0.311367 -4.30915 
1.28137 -0.789487 -2.58021 
1.28137 0.789487 -2.58021 
-1.6064 -1.6064 -2.46217 
0.789487 -1.28137 -2.58021 
-0.789487 -1.28137 -2.58021 
1.6064 -1.6064 -2.46217 
-1.24335 -2.39183 -1.98581 
-1.6064 -2.46217 -1.6064 
-1.97917 -2.39583 -1.25 
1.84932 -2.3814 -1.84932 
1.27631 -2.58286 -0.803707 
1.23897 -2.3924 -1.98501 
0.311367 -4.30915 -0.117558 
0.117558 -4.30915 0.311367 
-0.311367 -4.30915 0.117558 
-0.117558 -4.30915 -0.311367 
-1.27631 -2.58286 0.803707 
-1.24335 -2.39183 1.98581 
-1.84932 -2.3814 1.84932 
1.97917 -2.39583 1.25 
1.23897 -2.3924 1.98501 
1.6064 -2.46217 1.6064 
2.39583 -1.25 -1.97917 
2.46217 -1.6064 -1.6064 
2.58021 -1.28137 -0.789487 
2.39583 -1.97917 1.25 
2.50474 -1.55013 1.22848 
2.39583 -1.25 1.97917 
2.3814 -1.84932 1.84932 
4.30915 -0.117558 -0.311367 
4.30915 0.311367 -0.117558 
4.30915 0.117558 0.311367 
4.30915 -0.311367 0.117558 
2.39583 1.25 -1.97917 
2.3814 1.84932 -1.84932 
2.58286 1.27631 -0.803707 
2.46217 1.6064 1.6064 
2.39583 1.97917 1.25 
2.39583 1.25 1.97917 
-2.39583 -1.97917 -1.25 
-2.50474 -1.55013 -1.22848 
-2.39583 -1.25 -1.97917 
-2.3814 -1.84932 -1.84932 
-2.58021 -1.28137 0.789487 
-2.39583 -1.25 1.97917 
-2.46217 -1.6064 1.6064 
-4.30915 -0.117558 0.311367 
-4.30915 0.311367 0.117558 
-4.30915 0.117558 -0.311367 
-4.30915 -0.311367 -0.117558 
-2.46217 1.6064 -1.6064 
-2.39583 1.97917 -1.25 
-2.39583 1.25 -1.97917 
-2.39583 1.25 1.97917 
-2.3814 1.84932 1.84932 
-2.58286 1.27631 0.803707 
0.364583 3.1025 0.833333 
-0.373704 2.8105 0.968368 
0.833333 3.1025 -0.364583 
0.833333 3.1025 0.364583 
-0.373704 2.8105 -0.968368 
0.373704 2.8105 -0.968368 
-0.833333 3.1025 0.364583 
-0.968368 2.8105 -0.373705 
0.373704 -0.968368 2.8105 
-0.373704 -0.968368 2.8105 
0.833333 0.364583 3.1025 
0.833333 -0.364583 3.1025 
-0.373704 0.968368 2.8105 
0.373704 0.968368 2.8105 
-0.968368 -0.373704 2.8105 
-0.968368 0.373704 2.8105 
-2.8105 -0.968368 0.373704 
-2.8105 -0.968368 -0.373704 
-3.1025 0.364583 0.833333 
-3.1025 -0.364583 0.833333 
-2.8105 0.968368 -0.373704 
-2.8105 0.968368 0.373704 
-2.8105 -0.373704 -0.968368 
-2.8105 0.373704 -0.968368 
0.373704 0.968368 -2.8105 
-0.373704 0.968368 -2.8105 
0.833333 -0.364583 -3.1025 
0.833333 0.364583 -3.1025 
-0.373704 -0.968368 -2.8105 
0.373704 -0.968368 -2.8105 
-0.968368 0.373704 -2.8105 
-0.968368 -0.373704 -2.8105 
2.8105 -0.968368 -0.373704 
2.8105 -0.968368 0.373705 
3.1025 0.364583 -0.833333 
3.1025 -0.364583 -0.833333 
3.1025 0.833333 0.364583 
3.1025 0.833333 -0.364583 
3.1025 -0.364583 0.833333 
2.8105 0.373704 0.968368 
0.364583 -3.1025 -0.833333 
-0.373704 -2.8105 -0.968368 
0.833333 -3.1025 0.364583 
0.833333 -3.1025 -0.364583 
-0.364583 -3.1025 0.833333 
0.373704 -2.8105 0.968368 
-0.833333 -3.1025 -0.364583 
-0.968368 -2.8105 0.373705
